% coeffs.m
coeffs = [1 1 0 -1 -2 0 3 7 10 10 7 3 0 -2 -1 0 1 1];